L = 55 + 43 + 30;
M = 66 +28 + 36;
R = 41 + 46 + 41;

l_acc = 55 / L;
m_acc = 66 / M;
r_acc = 46 / R;